
Description: This file documents the error values for using polynomial regression with varying number of observing frames

Observation length = 12
Input: 
 x_true = cosd(180*i/20)
 y_true = sind(180*i/20)
Order of polynomial = 3

Error:
         0         0
         0         0
         0         0
         0         0
         0         0
         0         0
         0         0
         0         0
         0         0
         0         0
         0         0
   -0.0013   -0.0024
   -0.0059   -0.0139
   -0.0133   -0.0358
   -0.0237   -0.0720
   -0.0368   -0.1270
   -0.0519   -0.2057
   -0.0681   -0.3132
   -0.0835   -0.4551
   -0.0960   -0.6371

Order of polynomial = 4

Error:
         0         0
         0         0
         0         0
         0         0
         0         0
         0         0
         0         0
         0         0
         0         0
         0         0
         0         0
    0.0001   -0.0001
    0.0021   -0.0009
    0.0069   -0.0028
    0.0167   -0.0062
    0.0341   -0.0115
    0.0624   -0.0190
    0.1060   -0.0292
    0.1698   -0.0418
    0.2597   -0.0567


Observation length = 10
Input: 
 x_true = cosd(180*i/20)
 y_true = sind(180*i/20)
Order of polynomial = 3

Error:
         0         0
         0         0
         0         0
         0         0
         0         0
         0         0
         0         0
         0         0
         0         0
   -0.0007   -0.0008
   -0.0046   -0.0071
   -0.0120   -0.0204
   -0.0239   -0.0441
   -0.0409   -0.0821
   -0.0635   -0.1390
   -0.0917   -0.2195
   -0.1252   -0.3292
   -0.1632   -0.4737
   -0.2043   -0.6591
   -0.2465   -0.8915

Order of polynomial = 4
Error = 
         0         0
         0         0
         0         0
         0         0
         0         0
         0         0
         0         0
         0         0
         0         0
    0.0000   -0.0000
    0.0009   -0.0006
    0.0035   -0.0022
    0.0092   -0.0054
    0.0199   -0.0109
    0.0384   -0.0197
    0.0681   -0.0325
    0.1130   -0.0503
    0.1783   -0.0739
    0.2701   -0.1037
    0.3951   -0.1402

Order of polynomial = 2
Error = 
Honestly it was so bad, nearly 0.9 in x


Observation length = 8
Input: 
 x_true = cosd(180*i/20)
 y_true = sind(180*i/20)
Order of polynomial = 3

Error:
         0         0
         0         0
         0         0
         0         0
         0         0
         0         0
         0         0
   -0.0002   -0.0002
   -0.0029   -0.0031
   -0.0088   -0.0103
   -0.0195   -0.0243
   -0.0363   -0.0485
   -0.0604   -0.0864
   -0.0930   -0.1427
   -0.1349   -0.2220
   -0.1865   -0.3300
   -0.2480   -0.4722
   -0.3188   -0.6551
   -0.3980   -0.8849
   -0.4840   -1.1684

Order of polynomial = 4

Error:
         0         0
         0         0
         0         0
         0         0
         0         0
         0         0
         0         0
    0.0000   -0.0000
    0.0003   -0.0003
    0.0015   -0.0014
    0.0045   -0.0038
    0.0105   -0.0085
    0.0216   -0.0164
    0.0402   -0.0289
    0.0697   -0.0474
    0.1140   -0.0733
    0.1783   -0.1082
    0.2684   -0.1536
    0.3912   -0.2109
    0.5547   -0.2813




WEIGHTED AVERAGE METHOD:

Observation length = 8
Input: 
 x_true = cosd(180*i/20)
 y_true = sind(180*i/20)
Order of polynomial = 3,4
Weights = 0.5, 0.5

Error:
         0         0
         0         0
         0         0
         0         0
         0         0
         0         0
         0         0
   -0.0001   -0.0001
   -0.0013   -0.0017
   -0.0037   -0.0058
   -0.0075   -0.0141
   -0.0129   -0.0285
   -0.0194   -0.0514
   -0.0264   -0.0858
   -0.0326   -0.1347
   -0.0362   -0.2016
   -0.0348   -0.2902
   -0.0252   -0.4043
   -0.0034   -0.5479
    0.0354   -0.7249

Observation length = 12
Input: 
 x_true = cosd(180*i/20)
 y_true = sind(180*i/20)
Order of polynomial = 3,4
Weights = 0.5, 0.5

Error:
         0         0
         0         0
         0         0
         0         0
         0         0
         0         0
         0         0
         0         0
         0         0
         0         0
         0         0
   -0.0006   -0.0013
   -0.0019   -0.0074
   -0.0032   -0.0193
   -0.0035   -0.0391
   -0.0014   -0.0692
    0.0052   -0.1124
    0.0190   -0.1712
    0.0431   -0.2485
    0.0819   -0.3469

Observation length = 10
Input: 
 x_true = cosd(180*i/20)
 y_true = sind(180*i/20)
Order of polynomial = 3,4
Weights = 0.5, 0.5

Error:
         0         0
         0         0
         0         0
         0         0
         0         0
         0         0
         0         0
         0         0
         0         0
   -0.0003   -0.0004
   -0.0018   -0.0038
   -0.0043   -0.0113
   -0.0074   -0.0247
   -0.0105   -0.0465
   -0.0125   -0.0793
   -0.0118   -0.1260
   -0.0061   -0.1898
    0.0076   -0.2738
    0.0329   -0.3814
    0.0743   -0.5159


